1691253975.734919 -0.0001053 -0.0027809 0.0366273 -0.0001721 -0.0016746 0.0003821 0.9999985
1691253977.993483 -0.0006435 -0.0040946 0.0521193 0.0002026 -0.0018915 0.0002545 0.9999982
1691253996.797159 -0.0014763 -0.0094390 0.1187230 -0.0027012 -0.0013093 0.0014887 0.9999944
1691254003.003947 -0.0020710 -0.0123644 0.1541468 -0.0027305 0.0033539 0.0018279 0.9999890
1691254004.576634 -0.0019081 -0.0126407 0.1627853 -0.0024318 0.0000961 0.0019342 0.9999952
1691254009.992741 -0.0017052 -0.0144050 0.1827771 -0.0023369 -0.0061761 0.0012960 0.9999774
1691254027.024135 -0.0016779 -0.0182516 0.2319284 -0.0008775 -0.0147554 0.0008365 0.9998904
1691254062.271242 -0.0037467 -0.0282516 0.3523023 -0.0004524 -0.0026442 0.0017185 0.9999949
1691254065.818998 -0.0041407 -0.0290052 0.3589385 0.0000613 -0.0057557 0.0013290 0.9999825
1691254068.571084 -0.0042635 -0.0307640 0.3783733 0.0006592 -0.0032467 0.0015175 0.9999934
1691254078.831685 -0.0057059 -0.0357811 0.4377229 -0.0030640 0.0021242 0.0022965 0.9999904
1691254082.202406 -0.0053983 -0.0387438 0.4660073 -0.0025939 0.0135218 0.0008665 0.9999048
1691254093.321294 -0.0052646 -0.0406517 0.5032190 -0.0016960 -0.0061260 0.0011750 0.9999791
1691254096.657310 -0.0055599 -0.0417159 0.5179291 -0.0016563 -0.0033838 0.0018590 0.9999912
1691254130.894130 -0.0087532 -0.0559594 0.6881986 0.0015884 -0.0018347 0.0006181 0.9999968
1691254149.016090 -0.0089482 -0.0577226 0.7137539 0.0028176 -0.0026684 0.0018514 0.9999908
1691254152.654114 -0.0093993 -0.0601807 0.7365304 0.0024962 -0.0039342 0.0004205 0.9999890
1691254165.649444 -0.0090579 -0.0604888 0.7402104 0.0018610 -0.0051152 0.0006839 0.9999849
