1691256812.234713 0.0002604 -0.0023890 0.0417572 0.0007256 0.0038847 0.0008489 0.9999918
1691256818.886385 0.0002408 -0.0091755 0.1077546 -0.0013540 -0.0013095 0.0032706 0.9999929
1691256821.639282 0.0036479 -0.0089316 0.1254835 -0.0031977 -0.0021912 0.0007458 0.9999922
1691256823.114217 0.0033788 -0.0087556 0.1399894 -0.0024521 -0.0162632 0.0014906 0.9998636
1691256824.297982 0.0042509 -0.0109175 0.1580366 -0.0029081 -0.0156311 0.0006165 0.9998734
1691256886.916287 -0.0011290 -0.0244770 0.3556087 0.0000809 0.0034180 0.0021920 0.9999918
1691256888.588322 -0.0006436 -0.0259774 0.3764113 0.0006766 -0.0000578 0.0020625 0.9999976
1691256889.673328 -0.0007605 -0.0274076 0.3955573 0.0005866 0.0029302 0.0020908 0.9999933
1691256891.347479 -0.0016843 -0.0295603 0.4290776 0.0013570 0.0104395 0.0029053 0.9999403
1691256896.565217 -0.0008369 -0.0324061 0.4696693 0.0026340 0.0054040 0.0028663 0.9999778
1691256897.251820 0.0008884 -0.0331672 0.4774936 -0.0007599 0.0061892 0.0031649 0.9999756
1691256899.811101 -0.0027580 -0.0368100 0.5304285 -0.0045009 0.0218889 0.0041725 0.9997416
1691256900.404164 0.0007756 -0.0373264 0.5353302 -0.0008401 0.0055625 0.0018639 0.9999824
1691256901.191750 -0.0013962 -0.0389568 0.5548483 -0.0018345 0.0103399 0.0016818 0.9999434
1691256922.064285 -0.0007280 -0.0343741 0.5734104 0.1839220 -0.0030213 -0.0018422 0.9829345
1691256949.942019 -0.0003578 -0.0458440 0.6518303 0.0065719 0.0058934 0.0011246 0.9999604
1691256953.333310 0.0001021 -0.0474627 0.6760978 0.0068396 0.0044938 0.0009596 0.9999660
1691256959.784610 -0.0010754 -0.0513463 0.7375710 0.0084350 0.0098794 0.0013882 0.9999146
1691256961.767820 -0.0002114 -0.0535163 0.7602022 0.0079576 0.0072391 0.0005366 0.9999420
1691256985.503522 0.0008951 -0.0601827 0.8478494 0.0093648 0.0049448 0.0011695 0.9999433
1691256990.293517 0.0008769 -0.0601838 0.8476739 0.0094780 0.0048998 0.0009631 0.9999426
