1691256454.259451 -0.0009047 -0.0027130 0.0374627 0.0001824 0.0049825 0.0005645 0.9999874
1691256460.070899 -0.0029659 -0.0048706 0.0682849 -0.0039033 0.0101081 0.0013042 0.9999405
1691256463.322136 -0.0019592 -0.0062150 0.1146499 -0.0027951 0.0021901 0.0020516 0.9999916
1691256463.619388 -0.0008273 -0.0076863 0.1204995 -0.0002144 -0.0004675 0.0022446 0.9999973
1691256465.784828 -0.0003005 -0.0095672 0.1360531 -0.0032670 -0.0033759 0.0015453 0.9999878
1691256471.887055 -0.0010997 -0.0129833 0.1889814 -0.0018849 -0.0076743 0.0013344 0.9999679
1691256482.744697 -0.0043056 -0.0193041 0.2863447 -0.0002812 0.0010335 0.0020269 0.9999974
1691256487.935886 -0.0052987 -0.0227573 0.3303857 -0.0002416 0.0015869 0.0016790 0.9999973
1691256542.677776 -0.0049466 -0.0259430 0.3798350 0.0008926 -0.0066516 0.0013662 0.9999766
1691256543.775784 -0.0052767 -0.0269338 0.3904332 0.0007851 -0.0064231 0.0010402 0.9999785
1691256545.336858 -0.0053838 -0.0279728 0.4061210 0.0013109 0.0008710 0.0020061 0.9999967
1691256553.520103 -0.0056096 -0.0326586 0.4680763 -0.0029196 -0.0041916 0.0018955 0.9999852
1691256561.385373 -0.0058379 -0.0345476 0.4954081 -0.0028647 -0.0070638 0.0009679 0.9999705
1691256562.416764 -0.0067781 -0.0357665 0.4981961 -0.0026486 -0.0052142 0.0001656 0.9999829
1691256566.504312 -0.0069142 -0.0372780 0.5376797 -0.0014846 0.0051872 0.0016366 0.9999841
1691256623.507435 -0.0080528 -0.0437445 0.6354032 0.0012536 0.0001835 0.0010568 0.9999986
1691256631.090948 -0.0076295 -0.0480919 0.6945401 0.0015976 -0.0041950 0.0005214 0.9999898
1691256639.510611 -0.0093919 -0.0525506 0.7581909 0.0023282 0.0000310 0.0012713 0.9999965
1691256660.633964 -0.0100069 -0.0556219 0.7927690 0.0022943 0.0025855 0.0005945 0.9999939
1691256663.688920 -0.0100898 -0.0556596 0.7926916 0.0022564 0.0053764 0.0007109 0.9999827
