1691252857.367867 -0.0008101 -0.0033967 0.0336396 0.0000267 0.0054601 0.0003195 0.9999850
1691252894.544557 -0.0009758 -0.0087434 0.1064263 -0.0002808 -0.0111710 0.0000753 0.9999375
1691252894.839536 0.0036953 -0.0141916 0.1155238 -0.0017451 -0.0194400 -0.0033157 0.9998040
1691252895.628287 0.0025790 -0.0114954 0.1165631 -0.0035661 -0.0124247 0.0002971 0.9999164
1691252916.302988 0.0007632 -0.0169005 0.1741330 -0.0026384 -0.0001738 0.0013485 0.9999956
1691252925.850739 0.0007045 -0.0200140 0.2043694 -0.0023696 0.0015027 0.0013320 0.9999952
1691252928.611242 0.0010075 -0.0208032 0.2141020 -0.0019695 -0.0000611 0.0014100 0.9999971
1691252938.947116 0.0008409 -0.0247389 0.2542123 -0.0013408 -0.0024233 0.0011522 0.9999955
1691252985.713582 0.0001574 -0.0354156 0.3625427 -0.0003812 0.0016787 0.0014493 0.9999975
1691253003.041741 0.0022413 -0.0406240 0.4137018 0.0006211 0.0017231 0.0016354 0.9999970
1691253018.203975 0.0024664 -0.0411150 0.4189657 0.0012662 0.0018355 0.0018107 0.9999959
