1691254733.790993 -0.0013654 -0.0031719 0.0376340 -0.0002559 0.0023857 0.0000482 0.9999971
1691254747.452704 -0.0039720 -0.0079812 0.0945080 0.0022559 -0.0032496 0.0022237 0.9999897
1691254752.476705 -0.0020320 -0.0107046 0.1334246 -0.0027108 -0.0008200 0.0015637 0.9999948
1691254761.634521 -0.0030500 -0.0121105 0.1577593 -0.0014604 -0.0016984 0.0019633 0.9999956
1691254774.233227 -0.0035478 -0.0164266 0.2030010 -0.0019429 0.0028401 0.0014129 0.9999931
1691254777.288143 -0.0033550 -0.0170400 0.2108218 -0.0016403 -0.0037860 0.0009761 0.9999910
1691254830.450280 -0.0061655 -0.0286725 0.3518083 0.0000491 -0.0012651 0.0011406 0.9999986
1691254831.831489 -0.0063056 -0.0289223 0.3549069 0.0002439 0.0002271 0.0012654 0.9999992
1691254835.178363 -0.0066383 -0.0299716 0.3675978 0.0006125 0.0036548 0.0015650 0.9999919
1691254929.299680 -0.0069948 -0.0238804 0.3833500 0.2845996 0.0092533 -0.0098485 0.9585512
1691254930.876287 -0.0069756 -0.0239129 0.3833841 0.2821095 0.0087826 -0.0101090 0.9592888
1691254972.916134 -0.0071880 -0.0273846 0.3928329 0.2035806 -0.0048879 -0.0005309 0.9790459
1691254973.899901 -0.0071887 -0.0273165 0.3928905 0.1986016 -0.0051009 -0.0005099 0.9800669
1691255067.532309 -0.0079608 -0.0354407 0.4345135 0.0039762 0.0063491 0.0018797 0.9999702
1691255082.400859 -0.0077833 -0.0388027 0.4659093 0.0054106 0.0036138 -0.0010341 0.9999783
1691255089.684549 -0.0071878 -0.0392349 0.4857199 0.0049417 -0.0018132 0.0008140 0.9999858
1691255147.774963 -0.0101430 -0.0523837 0.6486888 0.0079735 -0.0010067 -0.0000686 0.9999677
1691255161.656241 -0.0112864 -0.0562371 0.6950434 0.0087111 -0.0016071 -0.0000385 0.9999608
1691255184.890169 -0.0120165 -0.0604198 0.7387846 0.0086334 0.0074093 0.0001884 0.9999353
1691255208.323202 -0.0120687 -0.0604575 0.7389764 0.0085578 0.0074057 -0.0000034 0.9999360
