1691254343.527399 0.0003967 -0.0030397 0.0365901 0.0000033 0.0020840 0.0000365 0.9999978
1691254360.330302 0.0019069 -0.0083856 0.1013010 -0.0039530 0.0000420 0.0003729 0.9999921
1691254360.925448 0.0021749 -0.0075243 0.1138004 0.0012325 -0.0443967 0.0011128 0.9990126
1691254361.118847 0.0067010 -0.0089383 0.1178579 -0.0010852 -0.0702568 -0.0030830 0.9975236
1691254361.808034 0.0079174 -0.0110816 0.1187884 -0.0036036 -0.0700114 -0.0056656 0.9975236
1691254381.498280 -0.0003582 -0.0159830 0.2029469 -0.0020641 0.0004288 0.0017872 0.9999962
1691254391.642627 -0.0004220 -0.0188272 0.2363610 -0.0017441 0.0039177 0.0019350 0.9999889
1691254394.693876 -0.0003514 -0.0198393 0.2506909 -0.0012836 -0.0003203 0.0016886 0.9999977
1691254423.245513 -0.0004889 -0.0264776 0.3291897 -0.0005345 -0.0036982 0.0012811 0.9999922
1691254435.256722 -0.0014541 -0.0313700 0.3913784 0.0003062 0.0050357 0.0025606 0.9999840
1691254440.080818 -0.0014264 -0.0335880 0.4169180 0.0010082 0.0080895 0.0028360 0.9999627
1691254452.304212 -0.0017364 -0.0385010 0.4738537 -0.0032825 0.0065410 0.0028530 0.9999691
1691254460.857271 -0.0014411 -0.0404349 0.4976109 -0.0031582 0.0056124 0.0023044 0.9999766
1691254464.006965 -0.0015672 -0.0407733 0.5036471 -0.0035219 0.0048745 0.0022562 0.9999794
1691254477.297325 -0.0016108 -0.0457283 0.5676391 -0.0010203 0.0056741 0.0022764 0.9999808
1691254518.355387 -0.0014069 -0.0605132 0.7428006 0.0015495 0.0027490 0.0009563 0.9999946
1691254528.219850 -0.0014440 -0.0640012 0.7809878 0.0017824 0.0074041 0.0011881 0.9999703
1691254529.183073 -0.0017528 -0.0642237 0.7852007 0.0021114 0.0088612 0.0016114 0.9999572
1691254548.282832 -0.0016867 -0.0657174 0.8010244 0.0016656 0.0091060 0.0016609 0.9999558
1691254552.024999 -0.0016725 -0.0656482 0.8009076 0.0019025 0.0091499 0.0016532 0.9999549
