1691257094.565336 -0.0008037 -0.0025911 0.0446113 -0.0001505 0.0106842 0.0007122 0.9999427
1691257101.949104 0.0005745 -0.0052283 0.0928963 -0.0043697 0.0098385 0.0011362 0.9999414
1691257104.313048 -0.0016239 -0.0080909 0.1142520 -0.0038087 0.0012258 0.0007288 0.9999917
1691257114.352294 -0.0006591 -0.0116066 0.2197761 -0.0015006 -0.0009634 0.0022925 0.9999958
1691257118.096920 -0.0010420 -0.0136377 0.2513875 -0.0010940 0.0028281 0.0022163 0.9999930
1691257155.015225 -0.0007353 -0.0069450 0.2703297 0.2010178 0.0006308 0.0000988 0.9795874
1691257184.258877 -0.0032603 -0.0196105 0.3550835 0.0072012 0.0123709 0.0026643 0.9998940
1691257193.218752 -0.0029371 -0.0234186 0.4284341 0.0091881 0.0035524 0.0027944 0.9999475
1691257195.581867 -0.0024837 -0.0251269 0.4478932 0.0082382 0.0046376 0.0021057 0.9999531
1691257198.434301 -0.0025313 -0.0267605 0.4766022 0.0085759 0.0078789 0.0024309 0.9999292
1691257202.470250 -0.0021708 -0.0291775 0.5152237 0.0085968 0.0071260 0.0023906 0.9999348
1691257204.343248 -0.0023948 -0.0308097 0.5372604 0.0045772 0.0079433 0.0018077 0.9999563
1691257212.318420 -0.0017997 -0.0323016 0.5790120 0.0053668 0.0016832 0.0016667 0.9999828
1691257291.279783 -0.0018522 -0.0396745 0.7084013 0.0076324 0.0013321 0.0008972 0.9999696
1691257293.840551 -0.0015701 -0.0414284 0.7302863 0.0078439 0.0015274 0.0003306 0.9999680
1691257302.504793 -0.0026413 -0.0431028 0.7709681 0.0087970 0.0054984 0.0006208 0.9999460
1691257332.237056 -0.0016901 -0.0505355 0.8865847 0.0092746 -0.0008929 -0.0003295 0.9999565
1691257342.575482 -0.0016659 -0.0506249 0.8864346 0.0092185 -0.0009000 -0.0003519 0.9999570
