1691255987.220919 0.0005749 -0.0025303 0.0411837 0.0008092 -0.0038618 0.0001689 0.9999922
1691256003.173259 -0.0032289 -0.0048655 0.1048237 0.0043103 0.0105348 0.0035105 0.9999291
1691256003.665808 -0.0020291 -0.0085870 0.1189886 -0.0023381 0.0143840 0.0022797 0.9998912
1691256004.157530 -0.0023822 -0.0088252 0.1267252 -0.0036347 0.0156674 0.0024971 0.9998675
1691256018.337089 -0.0009405 -0.0118134 0.1821704 -0.0019728 0.0006717 0.0022249 0.9999954
1691256023.256860 -0.0013986 -0.0139638 0.2136921 -0.0014437 -0.0000567 0.0020491 0.9999968
1691256050.332565 -0.0013409 -0.0229714 0.3389978 0.0004482 0.0022736 0.0023187 0.9999946
1691256055.256196 -0.0008602 -0.0235116 0.3387817 -0.0000202 0.0063119 0.0018303 0.9999784
1691256114.034417 -0.0004822 -0.0282965 0.4040430 0.0007397 -0.0004653 0.0013443 0.9999987
1691256117.026075 -0.0004310 -0.0290713 0.4201309 0.0015219 0.0004647 0.0021403 0.9999964
1691256123.290889 -0.0018197 -0.0331541 0.4679874 -0.0034766 0.0030052 0.0019179 0.9999876
1691256129.499226 -0.0021005 -0.0348535 0.4959534 -0.0031405 0.0118428 0.0025925 0.9999216
1691256131.760115 -0.0025746 -0.0351097 0.4995539 -0.0035792 0.0116393 0.0026293 0.9999224
1691256133.933138 -0.0026979 -0.0369898 0.5328932 -0.0019177 0.0087155 0.0022648 0.9999576
1691256141.898926 -0.0021248 -0.0412465 0.5876740 -0.0007890 0.0080255 0.0015446 0.9999663
1691256147.216075 -0.0027251 -0.0463217 0.6609881 0.0003489 0.0190149 0.0019840 0.9998172
1691256148.198992 -0.0026217 -0.0470632 0.6748739 0.0006879 0.0123631 0.0017985 0.9999217
1691256151.174133 -0.0028141 -0.0502696 0.7177098 0.0015267 0.0101331 0.0015064 0.9999464
1691256157.073192 -0.0029778 -0.0564078 0.7981413 0.0019694 0.0117746 0.0013796 0.9999278
1691256183.741519 -0.0029584 -0.0563343 0.7993568 0.0021551 0.0171730 0.0021291 0.9998479
