1691255354.707970 -0.0004983 -0.0023311 0.0331288 0.0004184 0.0082115 0.0006580 0.9999660
1691255414.323525 -0.0005249 -0.0126233 0.1959199 0.0001081 -0.0015305 0.0016877 0.9999974
1691255430.769915 -0.0007017 -0.0147542 0.2272008 0.0005927 0.0015265 0.0019943 0.9999967
1691255433.818687 -0.0007729 -0.0152078 0.2346803 0.0010279 -0.0004703 0.0018630 0.9999976
1691255463.554971 -0.0012725 -0.0176638 0.2695994 0.0014476 0.0034048 0.0019847 0.9999912
1691255472.514362 -0.0006914 -0.0192991 0.2955184 0.0016605 0.0029986 0.0020885 0.9999920
1691255574.215436 -0.0014218 -0.0147637 0.3539804 0.2584557 0.0076383 -0.0041590 0.9659839
1691255580.126244 -0.0011628 -0.0147082 0.3537599 0.2511618 0.0100550 -0.0033636 0.9678870
1691255611.630545 -0.0020819 -0.0257035 0.3888157 0.0339132 0.0099503 0.0023370 0.9993725
1691255621.386332 -0.0020155 -0.0281387 0.4225681 0.0297820 0.0124519 0.0018694 0.9994771
1691255622.856041 -0.0018518 -0.0284316 0.4276621 0.0296549 0.0125744 0.0020092 0.9994791
1691255628.171191 -0.0011476 -0.0298140 0.4534042 0.0309908 0.0058674 0.0019120 0.9995006
1691255691.095318 -0.0040250 -0.0401668 0.6129779 0.0343631 0.0238292 0.0015321 0.9991241
1691255715.892517 -0.0003536 -0.0425499 0.6575173 0.0858013 0.0060271 0.0002660 0.9962940
1691255738.756300 -0.0014710 -0.0465350 0.6962802 -0.0013877 0.0030966 0.0008810 0.9999939
1691255742.179132 -0.0007565 -0.0468668 0.7046030 0.0004287 -0.0000461 0.0014894 0.9999988
1691255748.257059 -0.0020605 -0.0494760 0.7349123 -0.0001071 0.0119388 0.0024850 0.9999256
1691255763.758628 -0.0019119 -0.0495363 0.7347097 -0.0004653 0.0121764 0.0024757 0.9999227
