1691252244.763460 0.0002195 -0.0040403 0.0407784 0.0006494 0.0013471 0.0004955 0.9999987
1691252250.375387 0.0004410 -0.0048081 0.0490122 0.0004214 0.0006615 0.0004127 0.9999996
1691252273.807106 0.0006946 -0.0072010 0.0710842 -0.0038996 -0.0006485 0.0003724 0.9999921
1691252308.957764 0.0002581 -0.0123785 0.1249805 -0.0015254 0.0054929 0.0023121 0.9999811
1691252332.781200 0.0009824 -0.0155534 0.1567147 -0.0017860 -0.0000180 0.0018434 0.9999967
1691252344.596861 0.0009669 -0.0171227 0.1731094 -0.0015520 0.0035336 0.0023268 0.9999899
1691252363.109617 0.0010101 -0.0190944 0.1932627 -0.0012413 0.0070077 0.0025169 0.9999715
1691252450.042314 0.0012109 -0.0316442 0.3183835 0.0008291 0.0040361 0.0024040 0.9999886
1691252463.038076 0.0017783 -0.0346271 0.3456364 0.0012145 0.0054995 0.0025109 0.9999810
1691252468.257689 0.0022258 -0.0349374 0.3497730 0.0017031 0.0035673 0.0026465 0.9999887
1691252504.784140 0.0020989 -0.0350462 0.3499051 0.0013055 0.0035048 0.0024836 0.9999899
